% Atmosfäriska koncentrationer från RCP45_EMISSIONS för 1765-2500 

global CO2ConcRCP45 CH4Conc N2OConc

CO2ConcRCP45 =	[278.05158	278.10615	278.22039	278.34305	278.47058	278.60047	278.73275	278.86881	279.00907	279.15318	279.3018	279.4568	279.61808	279.78192	279.9432	280.0974	280.2428	280.38168	280.51832	280.6572	280.8026	280.9568	281.11808	281.28192	281.4432	281.5982	281.74682	281.89093	282.03119	282.16725	282.29901	282.4268	282.55093	282.67123	282.7873	282.89901	283.00677	283.11093	283.21129	283.30737	283.39963	283.48978	283.57796	283.66116	283.73511	283.79676	283.84667	283.88853	283.92613	283.96267	284.00107	284.04267	284.08613	284.12853	284.16667	284.1982	284.22333	284.24427	284.26307	284.28133	284.30027	284.32	284.34	284.36	284.38	284.4	284.385	284.28	284.125	283.975	283.825	283.675	283.525	283.425	283.4	283.4	283.425	283.5	283.6	283.725	283.9	284.075	284.225	284.4	284.575	284.725	284.875	285	285.125	285.275	285.425	285.575	285.725	285.9	286.075	286.225	286.375	286.5	286.625	286.775	286.9	287	287.1	287.225	287.375	287.525	287.7	287.9	288.125	288.4	288.7	289.025	289.4	289.8	290.225	290.7	291.2	291.675	292.125	292.575	292.975	293.3	293.575	293.8	294	294.175	294.325	294.475	294.6	294.7	294.8	294.9	295.025	295.225	295.5	295.8	296.125	296.475	296.825	297.2	297.625	298.075	298.5	298.9	299.3	299.7	300.075	300.425	300.775	301.1	301.4	301.725	302.075	302.4	302.7	303.025	303.4	303.775	304.125	304.525	304.975	305.4	305.825	306.3	306.775	307.225	307.7	308.175	308.6	309	309.4	309.75	310	310.175	310.3	310.375	310.375	310.3	310.2	310.125	310.1	310.125	310.2	310.325	310.5	310.75	311.1	311.5	311.925	312.425	313	313.6	314.225	314.8475	315.5	316.2725	317.075	317.795	318.3975	318.925	319.6475	320.6475	321.605	322.635	323.9025	324.985	325.855	327.14	328.6775	329.7425	330.585	331.7475	333.2725	334.8475	336.525	338.36	339.7275	340.7925	342.1975	343.7825	345.2825	346.7975	348.645	350.7375	352.4875	353.855	355.0175	355.885	356.7775	358.1275	359.8375	361.4625	363.155	365.3225	367.3475	368.865	370.4675	372.5225	374.76	376.8125	378.8125	380.8275	382.7775	384.8	386.9516	389.12785	391.27357	393.4211	395.58283	397.76408	399.96631	402.18432	404.41077	406.64292	408.8817	411.12868	413.37804	415.63944	417.93551	420.27395	422.65593	425.07983	427.53791	430.0206	432.5234	435.04594	437.58886	440.13137	442.66419	445.20699	447.76978	450.35539	452.96337	455.58649	458.2152	460.84499	463.47549	466.09336	468.67807	471.23389	473.78031	476.32819	478.88085	481.43826	483.99308	486.53532	489.06035	491.53558	493.93186	496.24365	498.47436	500.64502	502.76788	504.84729	506.88408	508.87135	510.79905	512.64717	514.40151	516.06461	517.62854	519.09606	520.48828	521.81772	523.08871	524.30217	525.45089	526.50901	527.45707	528.29593	529.02718	529.64253	530.14419	530.55341	530.88313	531.13797	531.31935	531.48991	531.70213	531.94208	532.20472	532.48672	532.77553	533.06978	533.38792	533.74072	534.13086	534.55754	535.01142	535.47962	535.95487	536.4351	536.91986	537.39855	537.87136	538.3583	538.8715	539.38819	539.88381	540.35213	540.78203	541.16804	541.50962	541.80769	542.05261	542.24555	542.40767	542.55941	542.71221	542.86612	543.01262	543.13926	543.23925	543.31105	543.35475	543.35993	543.32712	543.28815	543.26597	543.26382	543.28162	543.31031	543.337	543.35452	543.36102	543.35628	543.32954	543.28277	543.23814	543.20814	543.19691	543.20476	543.22301	543.23901	543.2458	543.24169	543.22663	543.18977	543.13128	543.07193	543.02451	542.9934	542.97911	542.97309	542.96279	542.95532	542.95532	542.95532	542.95532	542.95532	542.95532	542.95532	542.95532	542.95532	542.95532	542.95532	542.95532	542.95532	542.95532	542.95532	542.95532	542.95532	542.95532	542.95532	542.95532	542.95532	542.95532	542.95532	542.95532	542.95532	542.95532	542.95532	542.95532	542.95532	542.95532	542.95532	542.95532	542.95532	542.95532	542.95532	542.95532	542.95532	542.95532	542.95532	542.95532	542.95532	542.95532	542.95532	542.95532	542.95532	542.95532	542.95532	542.95532	542.95532	542.95532	542.95532	542.95532	542.95532	542.95532	542.95532	542.95532	542.95532	542.95532	542.95532	542.95532	542.95532	542.95532	542.95532	542.95532	542.95532	542.95532	542.95532	542.95532	542.95532	542.95532	542.95532	542.95532	542.95532	542.95532	542.95532	542.95532	542.95532	542.95532	542.95532	542.95532	542.95532	542.95532	542.95532	542.95532	542.95532	542.95532	542.95532	542.95532	542.95532	542.95532	542.95532	542.95532	542.95532	542.95532	542.95532	542.95532	542.95532	542.95532	542.95532	542.95532	542.95532	542.95532	542.95532	542.95532	542.95532	542.95532	542.95532	542.95532	542.95532	542.95532	542.95532	542.95532	542.95532	542.95532	542.95532	542.95532	542.95532	542.95532	542.95532	542.95532	542.95532	542.95532	542.95532	542.95532	542.95532	542.95532	542.95532	542.95532	542.95532	542.95532	542.95532	542.95532	542.95532	542.95532	542.95532	542.95532	542.95532	542.95532	542.95532	542.95532	542.95532	542.95532	542.95532	542.95532	542.95532	542.95532	542.95532	542.95532	542.95532	542.95532	542.95532	542.95532	542.95532	542.95532	542.95532	542.95532	542.95532	542.95532	542.95532	542.95532	542.95532	542.95532	542.95532	542.95532	542.95532	542.95532	542.95532	542.95532	542.95532	542.95532	542.95532	542.95532	542.95532	542.95532	542.95532	542.95532	542.95532	542.95532	542.95532	542.95532	542.95532	542.95532	542.95532	542.95532	542.95532	542.95532	542.95532	542.95532	542.95532	542.95532	542.95532	542.95532	542.95532	542.95532	542.95532	542.95532	542.95532	542.95532	542.95532	542.95532	542.95532	542.95532	542.95532	542.95532	542.95532	542.95532	542.95532	542.95532	542.95532	542.95532	542.95532	542.95532	542.95532	542.95532	542.95532	542.95532	542.95532	542.95532	542.95532	542.95532	542.95532	542.95532	542.95532	542.95532	542.95532	542.95532	542.95532	542.95532	542.95532	542.95532	542.95532	542.95532	542.95532	542.95532	542.95532	542.95532	542.95532	542.95532	542.95532	542.95532	542.95532	542.95532	542.95532	542.95532	542.95532	542.95532	542.95532	542.95532	542.95532	542.95532	542.95532	542.95532	542.95532	542.95532	542.95532	542.95532	542.95532	542.95532	542.95532	542.95532	542.95532	542.95532	542.95532	542.95532	542.95532	542.95532	542.95532	542.95532	542.95532	542.95532	542.95532	542.95532	542.95532	542.95532	542.95532	542.95532	542.95532	542.95532	542.95532	542.95532	542.95532	542.95532	542.95532	542.95532	542.95532	542.95532	542.95532	542.95532	542.95532	542.95532	542.95532	542.95532	542.95532	542.95532	542.95532	542.95532	542.95532	542.95532	542.95532	542.95532	542.95532	542.95532	542.95532	542.95532	542.95532	542.95532	542.95532	542.95532	542.95532	542.95532	542.95532	542.95532	542.95532	542.95532	542.95532	542.95532	542.95532	542.95532	542.95532	542.95532	542.95532	542.95532	542.95532	542.95532	542.95532	542.95532	542.95532	542.95532	542.95532	542.95532	542.95532	542.95532	542.95532	542.95532	542.95532	542.95532	542.95532	542.95532	542.95532	542.95532	542.95532	542.95532	542.95532	542.95532	542.95532	542.95532	542.95532	542.95532	542.95532	542.95532	542.95532];
