% Radiative Forcing från från RCP45_MidyearRF för 1765-2500 

totRadForcExclCO2AndAerosols	= [0	0.115653444	0.251852421	0.256772281	0.21894257	0.218662979	0.259240629	0.274128052	0.263715683	0.249641179	0.238842165	0.24516418	0.272219646	0.302402384	0.310191962	0.302471248	0.293277521	0.249428376	0.132442595	0.04546089	0.115843943	0.2409541	0.302228607	0.308758611	0.195824757	0.031526544	0.049079212	0.172332524	0.23218477	0.22747827	0.190773442	0.177218677	0.192953549	0.207144648	0.213703669	0.23042582	0.251730578	0.248292338	0.232695799	0.228873797	0.22688789	0.217079623	0.207049891	-0.288063492	-1.432583888	-1.835225463	-1.039544299	-0.362618293	-0.161734092	-0.683174499	-2.146158602	-2.647045861	-1.477800511	-0.349345887	0.101159597	0.227302718	0.234152981	0.236913494	0.241604664	0.250046637	0.264208279	0.282755463	0.302280349	0.31267249	0.286334542	0.07059477	-0.321273268	-0.427595945	-0.135478426	-0.285498133	-0.886015654	-0.797080872	-0.182349169	0.193958939	0.30957468	0.290781286	0.267335976	0.267729314	0.240486098	0.234404641	0.283643618	0.334607869	0.371155547	0.398394488	0.382637532	0.342661444	0.334194749	0.338274987	0.333926336	0.325079597	0.184135622	-0.270701965	-0.504879886	-0.159822708	0.197818888	0.332032465	0.308787805	0.206705041	0.206849986	0.278889867	0.315133894	0.325931334	0.33742729	0.363518892	0.395412426	0.422015857	0.426645026	0.395538269	0.35406617	0.336504589	0.309899989	0.259123863	0.252376955	0.284053268	0.314109429	0.349503923	0.377269521	0.278831575	-0.629717546	-1.373927045	-0.800080887	-0.323770859	-0.207057768	-0.100691462	-0.167355374	-0.206323788	-0.105892434	0.09628362	0.266655774	0.386777178	0.36677811	0.196555121	0.095979808	0.190147272	0.298552342	0.344506769	0.327173489	-0.113790262	-0.474166121	-0.152451355	0.212517922	0.316817217	0.297380813	0.309295553	0.367502712	0.386955244	0.384655847	0.142469828	0.044747057	0.283698513	0.43263847	0.504926821	0.539494712	0.544118701	0.513536131	0.405936135	0.37234803	0.447712685	0.47375747	0.479011799	0.508073244	0.547260979	0.564197508	0.514129624	0.459999959	0.48207783	0.494661458	0.447371348	0.45119702	0.509172645	0.562700164	0.619237352	0.631705145	0.611896493	0.610231628	0.625996601	0.626160414	0.589091869	0.571990642	0.608405371	0.654051893	0.694977724	0.720413015	0.742174692	0.728470769	0.69787577	0.666187529	0.637413808	0.624309607	0.639054306	0.702878524	0.789673585	0.861303922	0.878147945	0.862438037	0.770080682	0.643959431	0.544238987	0.064992161	-0.278618322	0.069158369	0.49375619	0.667011447	0.504176985	0.457439657	0.71169703	0.889341414	0.944017858	0.901528461	0.753531286	0.664636749	0.81866331	1.030431828	1.093936205	1.155776228	1.25472466	1.195712861	0.497982973	0.181685802	0.709800594	0.992174407	1.06624936	1.13962008	1.25615126	1.35861424	1.38598613	0.43002636	-0.20014154	0.5062205	1.02436749	1.19750461	1.26318155	1.32400737	1.418781354	1.512371514	1.566890933	1.584131132	1.573295813	1.536130684	1.497623741	1.42695926	1.29936181	1.224840503	1.221944658	1.272839613	1.350555721	1.389231524	1.402708811	1.390630427	1.350778504	1.310808261	1.288179927	1.276313914	1.26967103	1.267795187	1.319478017	1.397457733	1.436743594	1.450574994	1.438350984	1.398344554	1.357997044	1.334769334	1.322080745	1.314395545	1.310843062	1.360610934	1.436521243	1.472789511	1.48302551	1.467023409	1.423019968	1.378434527	1.350708396	1.333247185	1.320505198	1.311604279	1.355316334	1.424985028	1.455426263	1.459961498	1.438460293	1.389217168	1.339695623	1.307369318	1.285714786	1.26925592	1.257008107	1.298085813	1.36586909	1.394717557	1.397900543	1.37524554	1.325016217	1.274657634	1.241623544	1.219327054	1.202204318	1.189352461	1.229955555	1.297340469	1.325853632	1.328751876	1.305852089	1.255408973	1.204860137	1.17165475	1.149174933	1.131847317	1.1187913	1.159193753	1.226381036	1.25469927	1.257413373	1.234409816	1.183990427	1.133570781	1.101464943	1.081181544	1.066382546	1.056155067	1.099652799	1.17017423	1.202040762	1.208483473	1.18929603	1.142711377	1.096144839	1.067025631	1.048747173	1.035751036	1.027145138	1.07210183	1.143937052	1.176987664	1.18449907	1.166279496	1.120835296	1.075637496	1.047901096	1.031012396	1.019407396	1.012189196	1.058526396	1.131732296	1.166141396	1.174995996	1.158099496	1.113693996	1.069204696	1.042069596	1.025689196	1.014511196	1.007649196	1.054280796	1.127727396	1.162329996	1.171336296	1.154554796	1.110232096	1.065799896	1.038699096	1.022329696	1.011141996	1.004251996	1.050839596	1.124228096	1.158760896	1.167687396	1.150816996	1.106397396	1.061858296	1.034642096	1.018152896	1.006841996	0.999825696	1.046284496	1.119542296	1.153943296	1.162736696	1.145732496	1.101178296	1.056503996	1.029152196	1.045671396	1.072839796	1.072839796	1.072839796	1.072839796	1.072839796	1.072839796	1.072839796	1.072839796	1.072839796	1.072839796	1.072839796	1.072839796	1.072839796	1.072839796	1.072839796	1.072839796	1.072839796	1.072839796	1.072839796	1.072839796	1.072839796	1.072839796	1.072839796	1.072839796	1.072839796	1.072839796	1.072839796	1.072839796	1.072839796	1.072839796	1.072839796	1.072839796	1.072839796	1.072839796	1.072839796	1.072839796	1.072839796	1.072839796	1.072839796	1.072839796	1.072839796	1.072839796	1.072839796	1.072839796	1.072839796	1.072839796	1.072839796	1.072839796	1.072839796	1.072839796	1.072839796	1.072839796	1.072839796	1.072839796	1.072839796	1.072839796	1.072839796	1.072839796	1.072839796	1.072839796	1.072839796	1.072839796	1.072839796	1.072839796	1.072839796	1.072839796	1.072839796	1.072839796	1.072839796	1.072839796	1.072839796	1.072839796	1.072839796	1.072839796	1.072839796	1.072839796	1.072839796	1.072839796	1.072839796	1.072839796	1.072839796	1.072839796	1.072839796	1.072839796	1.072839796	1.072839796	1.072839796	1.072839796	1.072839796	1.072839796	1.072839796	1.072839796	1.072839796	1.072839796	1.072839796	1.072839796	1.072839796	1.072839796	1.072839796	1.072839796	1.072839796	1.072839796	1.072839796	1.072839796	1.072839796	1.072839796	1.072839796	1.072839796	1.072839796	1.072839796	1.072839796	1.072839796	1.072839796	1.072839796	1.072839796	1.072839796	1.072839796	1.072839796	1.072839796	1.072839796	1.072839796	1.072839796	1.072839796	1.072839796	1.072839796	1.072839796	1.072839796	1.072839796	1.072839796	1.072839796	1.072839796	1.072839796	1.072839796	1.072839796	1.072839796	1.072839796	1.072839796	1.072839796	1.072839796	1.072839796	1.072839796	1.072839796	1.072839796	1.072839796	1.072839796	1.072839796	1.072839796	1.072839796	1.072839796	1.072839796	1.072839796	1.072839796	1.072839796	1.072839796	1.072839796	1.072839796	1.072839796	1.072839796	1.072839796	1.072839796	1.072839796	1.072839796	1.072839796	1.072839796	1.072839796	1.072839796	1.072839796	1.072839796	1.072839796	1.072839796	1.072839796	1.072839796	1.072839796	1.072839796	1.072839796	1.072839796	1.072839796	1.072839796	1.072839796	1.072839796	1.072839796	1.072839796	1.072839796	1.072839796	1.072839796	1.072839796	1.072839796	1.072839796	1.072839796	1.072839796	1.072839796	1.072839796	1.072839796	1.072839796	1.072839796	1.072839796	1.072839796	1.072839796	1.072839796	1.072839796	1.072839796	1.072839796	1.072839796	1.072839796	1.072839796	1.072839796	1.072839796	1.072839796	1.072839796	1.072839796	1.072839796	1.072839796	1.072839796	1.072839796	1.072839796	1.072839796	1.072839796	1.072839796	1.072839796	1.072839796	1.072839796	1.072839796	1.072839796	1.072839796	1.072839796	1.072839796	1.072839796	1.072839796	1.072839796	1.072839796	1.072839796	1.072839796	1.072839796	1.072839796	1.072839796	1.072839796	1.072839796	1.072839796	1.072839796	1.072839796	1.072839796	1.072839796	1.072839796	1.072839796	1.072839796	1.072839796	1.072839796	1.072839796	1.072839796	1.072839796	1.072839796	1.072839796	1.072839796	1.072839796	1.072839796	1.072839796	1.072839796	1.072839796	1.072839796	1.072839796	1.072839796	1.072839796	1.072839796	1.072839796	1.072839796	1.072839796	1.072839796	1.072839796	1.072839796	1.072839796	1.072839796	1.072839796	1.072839796	1.072839796	1.072839796	1.072839796	