% Utsläpp från RCP45_EMISSIONS för 1765-2500 

global CO2Emissions CH4Emissions N2OEmissions

CO2Emissions =	[0.003	0.008338296	0.013676593	0.019014889	0.024353185	0.029691482	0.036029778	0.041368074	0.046706371	0.052044667	0.057382963	0.062721259	0.068059556	0.073397852	0.078736148	0.084074445	0.090412741	0.095751037	0.101089334	0.10642763	0.11176593	0.11710422	0.12244252	0.12778082	0.13311911	0.13845741	0.1447957	0.150134	0.1554723	0.16081059	0.16614889	0.17148719	0.17782548	0.18316378	0.18850207	0.19484037	0.20017867	0.20751696	0.21185526	0.21719356	0.22253185	0.22887015	0.23420845	0.23954674	0.24488504	0.25022333	0.25656163	0.26189993	0.26723822	0.27257652	0.27891482	0.28525311	0.29159141	0.2969297	0.302268	0.3076063	0.31294459	0.31928289	0.32562119	0.33095948	0.33729778	0.34263608	0.34897437	0.35431267	0.35965096	0.37098926	0.37532756	0.38066585	0.38700415	0.39234245	0.39868074	0.40801904	0.41335733	0.41969563	0.42603393	0.433372219	0.439710519	0.447048819	0.453387109	0.460725409	0.470063709	0.475401999	0.483740299	0.490078589	0.498416889	0.507755189	0.500785689	0.555622819	0.556354489	0.564817079	0.564679249	0.574934879	0.581231999	0.587232979	0.597253889	0.609966889	0.623223598	0.570716628	0.57774912	0.58613825	0.59379536	0.59691218	0.60360622	0.6072347	0.61276645	0.6166445	0.64366524	0.7403334	0.76129965	0.75771154	0.77842647	0.78787801	0.79713853	0.8050507	0.82534752	0.85724317	0.89187292	0.86066403	0.88051762	0.88712775	0.8922361	0.89814412	0.91116314	0.94173355	0.94020019	0.96775411	0.98224854	0.99719118	0.9944033	1.02336718	1.0504185	1.06527839	1.08956411	1.11600097	1.15920445	1.18720627	1.25494317	1.26897363	1.34367095	1.37229323	1.4328152	1.50353383	1.58776273	1.56141277	1.60237806	1.64098168	1.61489404	1.62684843	1.66597976	1.56479151	1.54374963	1.60911647	1.66619629	1.65030426	1.52565434	1.65328337	1.5604166	1.59294089	1.72328818	1.71986058	1.73308854	1.74448326	1.85918283	1.86467141	1.96922601	1.94887975	1.84334081	1.65922596	1.70158848	1.76986255	1.82171575	1.93129993	1.98869902	1.92388222	1.97144376	2.06583237	2.08436458	2.1110497	2.1547656	2.15139864	1.92914739	2.08014892	2.26217994	2.34413044	2.30112641	2.52233465	2.8565201	2.9056378	2.9455171	3.0171416	3.2341855	3.4226883	3.5418718	3.6495817	3.6655957	3.7692833	3.8383218	3.9355717	4.0922947	4.2595879	4.4092558	4.5986968	4.7086254	4.8232028	5.0383879	5.2731129	5.3018913	5.4460621	5.6680986	5.6827371	5.6465876	5.9736077	6.1229874	6.19537	6.4517127	6.3572096	6.2128621	6.3174055	6.3355201	6.5500833	6.7193449	6.8972023	7.0470086	7.2807248	7.4126436	7.4634833	7.6159799	7.4215304	7.4221006	7.5315956	7.6470104	7.7611025	7.8371397	7.8028431	7.7517892	7.8838	8.0279	8.1807	8.5117	8.9148	9.1665	9.237	9.3075	9.3776666	9.44783337	9.518	9.58743	9.65686	9.72629	9.79572	9.86515	9.93458	10.00401	10.07344	10.14287	10.2123	10.30803	10.40376	10.49949	10.59522	10.69095	10.78668	10.88241	10.97814	11.07387	11.1696	11.20631	11.24302	11.27973	11.31644	11.35315	11.38986	11.42657	11.46328	11.49999	11.5367	11.51102	11.48534	11.45966	11.43398	11.4083	11.38262	11.35694	11.33126	11.30558	11.2799	11.11044	10.94098	10.77152	10.60206	10.4326	10.26314	10.09368	9.92422	9.75476	9.5853	9.34897	9.11264	8.87631	8.63998	8.40365	8.16732	7.93099	7.69466	7.45833	7.222	6.91879	6.61558	6.31237	6.00916	5.70595	5.40274	5.09953	4.79632	4.49311	4.1899	4.19287	4.19584	4.19881	4.20178	4.20475	4.20772	4.21069	4.21366	4.21663	4.2196	4.22257	4.22554	4.22851	4.23148	4.23445	4.23742	4.24039	4.24336	4.24633	4.2493	4.13531	4.02132	3.90733	3.79334	3.67935	3.56536	3.45137	3.33738	3.22339	3.1094	3.02783	2.94626	2.86469	2.78312	2.70155	2.61998	2.53841	2.45684	2.37527	2.2937	2.26073	2.22776	2.19479	2.16182	2.12885	2.09588	2.06291	2.02994	1.99697	1.964	1.93853	1.91306	1.88759	1.86212	1.83665	1.81118	1.78571	1.76024	1.73477	1.7093	1.6831375	1.656975	1.6308125	1.60465	1.5784875	1.552325	1.5261625	1.5	1.5354	1.5468	1.5531	1.5547	1.5527	1.5482	1.5419	1.5324	1.5229	1.5134	1.5039	1.4944	1.48311	1.47182	1.46053	1.44924	1.43795	1.42666	1.41537	1.40408	1.39279	1.3815	1.3712	1.3609	1.3506	1.3403	1.33	1.3197	1.3094	1.2991	1.2888	1.2785	1.26966	1.26082	1.25198	1.24314	1.2343	1.22546	1.21662	1.20778	1.19894	1.1901	1.18257	1.17504	1.16751	1.15998	1.15245	1.14492	1.13739	1.12986	1.12233	1.1148	1.10836	1.10192	1.09548	1.08904	1.0826	1.07616	1.06972	1.06328	1.05684	1.0504	1.04486	1.03932	1.03378	1.02824	1.0227	1.01716	1.01162	1.00608	1.00054	0.995	0.99023	0.98546	0.98069	0.97592	0.97115	0.96638	0.96161	0.95684	0.95207	0.9473	0.94314	0.93898	0.93482	0.93066	0.9265	0.92234	0.91818	0.91402	0.90986	0.9057	0.90206	0.89842	0.89478	0.89114	0.8875	0.88386	0.88022	0.87658	0.87294	0.8693	0.8661	0.8629	0.8597	0.8565	0.8533	0.8501	0.8469	0.8437	0.8405	0.8373	0.83445	0.8316	0.82875	0.8259	0.82305	0.8202	0.81735	0.8145	0.81165	0.8088	0.80629	0.80378	0.80127	0.79876	0.79625	0.79374	0.79123	0.78872	0.78621	0.7837	0.78142	0.77914	0.77686	0.77458	0.7723	0.77002	0.76774	0.76546	0.76318	0.7609	0.75884	0.75678	0.75472	0.75266	0.7506	0.74854	0.74648	0.74442	0.74236	0.7403	0.738714	0.737128	0.735542	0.733956	0.73237	0.730784	0.729198	0.727612	0.726026	0.72444	0.722854	0.721268	0.719682	0.718096	0.71651	0.714924	0.713338	0.711752	0.710166	0.70858	0.706994	0.705408	0.703822	0.702236	0.70065	0.699064	0.697478	0.695892	0.694306	0.69272	0.691134	0.689548	0.687962	0.686376	0.68479	0.683204	0.681618	0.680032	0.678446	0.67686	0.675274	0.673688	0.672102	0.670516	0.66893	0.667344	0.665758	0.664172	0.662586	0.661	0.659886	0.658772	0.657658	0.656544	0.65543	0.654316	0.653202	0.652088	0.650974	0.64986	0.648746	0.647632	0.646518	0.645404	0.64429	0.643176	0.642062	0.640948	0.639834	0.63872	0.637606	0.636492	0.635378	0.634264	0.63315	0.632036	0.630922	0.629808	0.628694	0.62758	0.626466	0.625352	0.624238	0.623124	0.62201	0.620896	0.619782	0.618668	0.617554	0.61644	0.615326	0.614212	0.613098	0.611984	0.61087	0.609756	0.608642	0.607528	0.606414	0.6053	0.604434	0.603568	0.602702	0.601836	0.60097	0.600104	0.599238	0.598372	0.597506	0.59664	0.595774	0.594908	0.594042	0.593176	0.59231	0.591444	0.590578	0.589712	0.588846	0.58798	0.587114	0.586248	0.585382	0.584516	0.58365	0.582784	0.581918	0.581052	0.580186	0.57932	0.578454	0.577588	0.576722	0.575856	0.57499	0.574124	0.573258	0.572392	0.571526	0.57066	0.569794	0.568928	0.568062	0.567196	0.56633	0.565464	0.564598	0.563732	0.562866	0.562	0.56425	0.5665	0.56875	0.571	0.57325	0.5755	0.57775	0.58	0.58225	0.5845	0.58675	0.589	0.59125	0.5935	0.59575	0.598	0.60025	0.6025	0.60475	0.607	0.60925	0.6115	0.61375	0.616	0.61825	0.6205	0.62275	0.625	0.62725	0.6295	0.63175	0.634	0.63625	0.6385	0.64075	0.643	0.64525	0.6475	0.64975	0.652	0.65425	0.6565	0.65875	0.661	0.66325	0.6655	0.66775	0.67	0.67225	0.6745];
